     0.000000     0.0000000000
   217.462546     0.0000000000
   669.692883     0.0000000000
  1316.411225     0.0000000000
  2089.739408     0.0000000000
  2965.455054     0.0000000000
  3929.558969     0.0000000000
  4972.605591     0.0000000000
  6079.017081     0.0000853058
  7223.812907     0.0004494320
  8390.174674     0.0012157032
  9563.073159     0.0024971551
 10728.256866     0.0044046099
 11871.994333     0.0070479403
 12981.001277     0.0105358929
 14042.451725     0.0149753307
 15044.038440     0.0204701548
 15974.066250     0.0271200160
 16821.568339     0.0350188823
 17576.438094     0.0442535121
 18229.570033     0.0549018829
 18773.003602     0.0670316250
 19200.063674     0.0806985139
 19505.491556     0.0959450775
 19685.560441     0.1127993721
 19738.169546     0.1312739822
 19662.911769     0.1513652922
 19467.954829     0.1724677859
 19174.215145     0.1938794495
 18799.867516     0.2154561806
 18360.633771     0.2370811471
 17869.920057     0.2586622343
 17339.023393     0.2801289663
 16777.373724     0.3014292262
 16192.786905     0.3225260049
 15591.711743     0.3433943361
 14979.460274     0.3640185136
 14360.414981     0.3843896442
 13738.209982     0.4045035564
 13115.885448     0.4243590641
 12496.016032     0.4439565704
 11880.815048     0.4632969856
 11272.216634     0.4823809320
 10671.938440     0.5012082037
 10081.527465     0.5197774489
  9502.391621     0.5380860456
  8935.819551     0.5561301398
  8382.991025     0.5739048188
  7844.980130     0.5914043953
  7322.753245     0.6086227780
  6817.163589     0.6255539091
  6328.943956     0.6421922501
  5858.698998     0.6585333012
  5406.898248     0.6745741403
  4973.870847     0.6903139733
  4559.802780     0.7057546845
  4164.737242     0.7209013844
  3788.578664     0.7357629483
  3431.100787     0.7503525439
  3091.959202     0.7646881455
  2770.708733     0.7787930335
  2466.826169     0.7926962759
  2179.739004     0.8064331909
  1908.861110     0.8200457823
  1658.434520     0.8333213105
  1432.241233     0.8460198864
  1228.900149     0.8581535648
  1047.020478     0.8697344112
   885.212940     0.8807743822
   742.099309     0.8912852204
   616.320523     0.9012783620
   506.543526     0.9107648541
   411.467009     0.9197552800
   329.826210     0.9282596898
   260.396895     0.9362875344
   201.998639     0.9438475989
   153.497529     0.9509479333
   113.808364     0.9575957744
    81.896451     0.9637974544
    56.779060     0.9695582842
    37.526602     0.9748823965
    23.263590     0.9797725203
    13.169379     0.9842296313
     6.478701     0.9882523549
     2.481824     0.9918358070
     0.523811     0.9949687797
     0.000000     0.9976215149
     0.000000     1.0000000000
